After step 2:
8807476555
5089087054
8597889608
8485769600
8700908800
6600088989
6800005943
0000007456
9000000876
8700006848

8807476555 
5089087054 
8597889608 
8485769600 
8700908800 
6600088989 
6800005943 
0000007456 
9000000876 
8700006848 


After step 10:
0481112976
0031112009
0041112504
0081111406
0099111306
0093511233
0442361130
5532252350
0532250600
0032240000

0481112976
0031112009
0041112504
0081111406
0099111306
0093511233
0442361130
5532252350
0532250600
0032240000


After step 100:
0397666866
0749766918
0053976933
0004297822
0004229892
0053222877
0532222966
9322228966
7922286866
6789998766

0397666866
0749766918
0053976933
0004297822
0004229892
0053222877
0532222966
9322228966
7922286866
6789998766
